[6.932692664, 30.02554904]    [219347, 466935, 219329, 339859, 311490, 489037, 26778, 299976, 395321]
[4.218409202, 93.3363936]    [12641, 573449, 552878, 649391, 12652, 12626, 256535, 12633, 12602]
[91.11775757, 88.26214183]    [418126, 134215, 396842, 413297, 315356, 266632, 407084, 489337, 383588]
[17.01944918, 15.55547806]    [450242, 102062, 332810, 292533, 101842, 390098, 409467, 203549, 169501]
[26.30615429, 89.73867883]    [323460, 565579, 677147, 12502, 422751, 131874, 331812, 516065, 353579]
[27.01386611, 27.25039687]    [430327, 526780, 384369, 172710, 48373, 422865, 261691, 430330, 205758]
[21.28414388, 26.35296793]    [574072, 407269, 63252, 420577, 574079, 428138, 574100, 574086, 565207]
[18.21491724, 19.96505782]    [443926, 266807, 444130, 444098, 64133, 299650, 443661, 443787, 443851]
[2.531849283, 6.775441646]    [88659, 220801, 220737, 97465, 603505, 195883, 164347, 220728, 220719]
[6.421215939, 30.080336]    [450242, 446881, 33133, 102062, 292533, 356497, 356080, 390098, 409467]
[39.9205592, 64.21811022]    [343525, 373829, 373637, 373794, 325836, 373678, 441013, 373586, 373725]
[47.07844118, 25.00614581]    [171346, 306582, 369366, 403125, 441199, 360252, 441148, 639749, 441161]
[41.89247901, 39.83521569]    [497509, 492387, 260741, 306659, 398574, 494903, 157201, 40505, 449663]
[34.08888491, 28.84285726]    [6033, 442067, 349107, 13657, 377465, 164508, 597943, 295290, 569415]
[15.81985755, 84.31153111]    [348465, 530224, 283533, 283663, 283528, 173071, 384920, 283801, 227276]
[16.38427798, 2.717915768]    [336519, 672472, 254672, 659945, 90386, 612829, 547564, 78488, 488318]
[45.10753675, 74.3783644]    [404109, 5998, 573177, 366839, 45907, 477169, 169594, 13625, 103194]
[15.31064022, 28.44045586]    [431111, 286197, 279091, 295523, 47433, 320159, 483564, 424429, 25869]
[17.37918749, 99.87186423]    [135266, 70784, 479373, 480570, 118634, 511892, 447632, 518100, 126632]
[5.039432782, 94.14901036]    [367413, 556792, 78003, 367472, 367394, 569810, 569827, 77485, 378361]
[71.33768439, 95.9211624]    [381744, 189374, 189376, 599301, 79163, 351557, 599566, 441915, 634692]
[24.2192037, 92.90222457]    [341164, 340975, 341198, 340968, 340875, 341163, 341079, 341049, 341179]
[36.16237597, 39.55295883]    [581065, 175905, 381047, 21428, 373309, 345404, 17692, 363387, 479128]
[7.142255372, 77.95978855]    [183027, 480853, 183217, 183207, 183019, 105, 183103, 183055, 140733]
[92.63763508, 83.82332315]    [641387, 134215, 396842, 315356, 266632, 400044, 407084, 489337, 309532]
[37.60490876, 49.33441042]    [24913, 363140, 149680, 553835, 419957, 354433, 461378, 615372, 103821]
[1.723119802, 24.42557554]    [521527, 611323, 444101, 381921, 137947, 199704, 199613, 16687, 350378]
[16.82161334, 2.634939673]    [482614, 178567, 132823, 445361, 292716, 386622, 153705, 675172, 675732]
[31.01641856, 1.132861765]    [561594, 459809, 396449, 561616, 546321, 561748, 561509, 562533, 291050]
[0.345589547, 99.90150296]    [133245, 73417, 139782, 140182, 276713, 146795, 20423, 641156, 389190]
[6.63839844, 67.8885874]    [444151, 443619, 444035, 423489, 443742, 443756, 444524, 318718, 444184]
[2.443983129, 18.06835277]    [320469, 133424, 338102, 443061, 584701, 443136, 488480, 57259, 319791]
[16.28325221, 47.16935219]    [523767, 523782, 523638, 523636, 279856, 523648, 523724, 395640, 516520]
[14.74561998, 27.45517617]    [67297, 427089, 67289, 506175, 67401, 67208, 67304, 67387, 67291]
[38.10547329, 41.47519873]    [417280, 442337, 442573, 372459, 102902, 442431, 412602, 442488, 529207]
[13.22756683, 69.04323853]    [539049, 394531, 378499, 482880, 378541, 378477, 482974, 482972, 204620]
[10.53841687, 8.777935939]    [15233, 475923, 19478, 136170, 425100, 126074, 547156, 492363, 70031]
[4.444994579, 10.59374198]    [390517, 557101, 170325, 562192, 549810, 333273, 562196, 61102, 502616]
[14.92147776, 1.186487995]    [216373, 144996, 216389, 497553, 322195, 184235, 112954, 289423, 216463]
[35.64374532, 6.045867649]    [371875, 371746, 371951, 372009, 371914, 87054, 51988, 371763, 371903]
[7.186337852, 99.87392496]    [136703, 138021, 531708, 211451, 350250, 353526, 35044, 104167, 570217]
[47.63396097, 81.27288688]    [6401, 6305, 6434, 405875, 319266, 6444, 6348, 6493, 6365]
[0.406980213, 33.07583552]    [261264, 665166, 414275, 572995, 449626, 478890, 311098, 236204, 361690]
[30.35102084, 35.25035381]    [264151, 14085, 680591, 424766, 79544, 101259, 62235, 572211, 25547]
[37.43494921, 99.74249957]    [134733, 135415, 137916, 359611, 44187, 642017, 650695, 126517, 129065]
[35.63136895, 56.79375351]    [562632, 450855, 184688, 511445, 656537, 169297, 86550, 339517, 383231]
[7.169358276, 30.36976221]    [641865, 553775, 313388, 107832, 667857, 63067, 352571, 331306, 634038]
[4.473337137, 83.18668534]    [528218, 666937, 362385, 482898, 571566, 47881, 607426, 355038, 634135]
[3.18401898, 63.41831876]    [453366, 187715, 187717, 187701, 187726, 187727, 424488, 187708, 187709]
[18.38994797, 34.95512859]    [102657, 356053, 356231, 356128, 511325, 356239, 228815, 356200, 356043]
[30.18524904, 66.66467989]    [205043, 355508, 261394, 59537, 403523, 541630, 311363, 291004, 609300]
[27.11025153, 35.99296819]    [375430, 403221, 546497, 164265, 437677, 318543, 331368, 206637, 430216]
[16.10020327, 91.36764287]    [521314, 262280, 332744, 521207, 483763, 21428, 373309, 275037, 479128]
[48.26638449, 36.08798262]    [253059, 439302, 252976, 186374, 61592, 349535, 295598, 483338, 253068]
[58.93596032, 18.70646398]    [117312, 144608, 516933, 332790, 364353, 289612, 350639, 102970, 87789]
[77.31870296, 93.11066384]    [131351, 131827, 136301, 129231, 137916, 126595, 134883, 134903, 131023]
[5.352580354, 18.22346731]    [326870, 309767, 88772, 104487, 605775, 89161, 89132, 88828, 88814]
[47.09508122, 54.11321179]    [373701, 373638, 401957, 373825, 373728, 373827, 373602, 373538, 373676]
[4.113273053, 99.39417176]    [224323, 174562, 676651, 224257, 224293, 224363, 213480, 224414, 224429]
[3.954178388, 58.58619091]    [141570, 75698, 216313, 259983, 216414, 638132, 216142, 477224, 308059]
[36.53459554, 16.93950486]    [553547, 553582, 340883, 553583, 553599, 553522, 553668, 553605, 553462]
[47.05854531, 69.30753017]    [399622, 653611, 84259, 339201, 435520, 130823, 47240, 395848, 97468]
[14.11662422, 4.02371377]    [62593, 241393, 241680, 493092, 62693, 62679, 241371, 62715, 62590]
[13.60556995, 74.76103445]    [488166, 488145, 488112, 488190, 488139, 518907, 287673, 5054, 383498]
[6.424510859, 41.13830197]    [446997, 446946, 25033, 446956, 446954, 438938, 446795, 447003, 121663]
[15.12565357, 80.03655387]    [449062, 3794, 291383, 25108, 145863, 309506, 536338, 298490, 549366]
[13.93470696, 23.02153839]    [340999, 340960, 336941, 366508, 341007, 340878, 295929, 172079, 340808]
[8.372729343, 52.3368642]    [498071, 411653, 124788, 550446, 341842, 207518, 540774, 14126, 521336]
[11.20415736, 54.49219838]    [618633, 294629, 515876, 294593, 294643, 294588, 294654, 294591, 294664]
[30.81693502, 95.65779495]    [370309, 437220, 258167, 258230, 258235, 283853, 258042, 258154, 402378]
[2.496801788, 36.2020319]    [3152, 266886, 388995, 132148, 545696, 277901, 124986, 287593, 582261]
[0.762091656, 23.73830137]    [529000, 536522, 98083, 629678, 488125, 70858, 429018, 256271, 380490]
[33.60546497, 8.041692475]    [370295, 176720, 317808, 436337, 566271, 421487, 471563, 176654, 369994]
[4.527604291, 4.460798309]    [526552, 133507, 15539, 489203, 530253, 138283, 586018, 142270, 130767]
[41.45236411, 80.68287037]    [365749, 551754, 530941, 485121, 116537, 319672, 485194, 337706, 485208]
[38.55344297, 11.13748554]    [356183, 356150, 356163, 356099, 356044, 302831, 356233, 356249, 13406]
[35.3142109, 92.34567086]    [89075, 88834, 60884, 297666, 89111, 88854, 88811, 88779, 297375]
[20.31114986, 11.7457774]    [187392, 187433, 187279, 187372, 66359, 187385, 479707, 225662, 484474]
[3.028531717, 28.37275911]    [56913, 51554, 291590, 130866, 210567, 335376, 549185, 288910, 389722]
[39.23622756, 54.84937469]    [330869, 149078, 166453, 19545, 306781, 291693, 374985, 55983, 555655]
[19.4453519, 20.90413885]    [146962, 64657, 64549, 346541, 64536, 64665, 64586, 64573, 64557]
[42.39778506, 43.66734278]    [124800, 484818, 123684, 265837, 560643, 580131, 556883, 436523, 500760]
[30.8501822, 33.68261702]    [439142, 172103, 548206, 416496, 268098, 671436, 497425, 522333, 93404]
[21.10951961, 87.63108886]    [57376, 222834, 521382, 373793, 222710, 355715, 197066, 444521, 7263]
[6.047714804, 52.69824764]    [137430, 544479, 165321, 440429, 111228, 291305, 464282, 386587, 523529]
[69.62204827, 99.61862075]    [282650, 677889, 547571, 386115, 600146, 600305, 339205, 522901, 408774]
[14.99873261, 32.7982789]    [575914, 581626, 494900, 481043, 51494, 400289, 555631, 527987, 384120]
[10.27619017, 36.30983038]    [213634, 283554, 418383, 213648, 5332, 283772, 283804, 213598, 213629]
[3.920222781, 25.04151138]    [257655, 348882, 161381, 540609, 342191, 540707, 448394, 514617, 72415]
[0.080703672, 21.89267267]    [244978, 549449, 44130, 44163, 401906, 43716, 545198, 533583, 43659]
[26.83938657, 18.25915531]    [507413, 443109, 577117, 577120, 576898, 577076, 483130, 576886, 442905]
[70.70265609, 53.24395529]    [206919, 268310, 399572, 98269, 362916, 412129, 57389, 370046, 292473]
[0.091008106, 60.41961418]    [441510, 117808, 481109, 575963, 575948, 350222, 481147, 117468, 117644]
[4.838862585, 14.82650782]    [101440, 187392, 187393, 187433, 187273, 187373, 187383, 479707, 187260]
[0.765085916, 0.087791883]    [545960, 143472, 362289, 143508, 143509, 64951, 418830, 435903, 418570]
[56.05579532, 37.1527824]    [464646, 440997, 464723, 464642, 464719, 464619, 464698, 464714, 464649]
[5.605862019, 61.95826984]    [190208, 190193, 190010, 190056, 174057, 64044, 358585, 190159, 190060]
[1.34564747, 61.03653458]    [496000, 332034, 340877, 217551, 341128, 189644, 331953, 331952, 331955]
[14.66135289, 29.49275213]    [367524, 486645, 570107, 28628, 86308, 99719, 285346, 486637, 267099]
[0.39770169, 68.84947856]    [446886, 380805, 483095, 446871, 446887, 446869, 423813, 446888, 297290]