[5.274394157, 26.78909643]    [45635, 308471, 45620, 392865, 49254, 284206]
[5.617193255, 61.70351819]    [516663, 516855, 516773, 402494, 516731, 516760]
[3.699362988, 96.65858508]    [145027, 370583, 284160, 546401, 511563, 490617]
[14.83425663, 50.81288614]    [199680, 128923, 139262, 340152, 199678, 2527]
[6.658584524, 42.01159001]    [374900, 286118, 276256, 286720, 635212, 311771]
[3.676502469, 35.10942017]    [519508, 519538, 519473, 519709, 519501, 519754]
[23.57559058, 38.82751937]    [511107, 550812, 530381, 183733, 463471, 548660]
[38.18051097, 1.922531764]    [195728, 122626, 615772, 439651, 195700, 331773]
[11.54121113, 13.3362188]    [377366, 10294, 556082, 516013, 425405, 668375]
[57.70383101, 83.37269836]    [63381, 294385, 344137, 294585, 344139, 392090]
[49.90127835, 54.11321179]    [373638, 401957, 373825, 373728, 373827, 373538]
[18.70753762, 84.20241468]    [664635, 288067, 49351, 309944, 381048, 42702]
[16.08912535, 72.96989928]    [470183, 100915, 198199, 469059, 196943, 640101]
[21.35170337, 40.64916562]    [566124, 314033, 566111, 607617, 48536, 150191]
[66.94897646, 39.83521569]    [306659, 398574, 494903, 157201, 40505, 449663]
[10.69833375, 11.79604727]    [354533, 354599, 307452, 354638, 354584, 307594]
[5.953217462, 25.59105954]    [300389, 300304, 300365, 49226, 300314, 300363]
[19.16523068, 92.9552759]    [406576, 207109, 379935, 391999, 177097, 145934]
[24.70430821, 52.05313647]    [441317, 305474, 574624, 441295, 325482, 574589, 359388, 378556, 366523]
[32.20281978, 28.15651493]    [224339, 224368, 224455, 224471, 224217, 224447]
[14.05330454, 56.96828004]    [387780, 619659, 523614, 113322, 558709, 360762]
[19.52726992, 71.17912961]    [267157, 453424, 453631, 453452, 453420, 453467]
[43.86793928, 30.01209761]    [363044, 491150, 122650, 642356, 335848, 528182]
[57.99390675, 7.937603175]    [184514, 179251, 597963, 557105, 437786, 385624]
[39.38084771, 33.76111575]    [676715, 409717, 281823, 134569, 164700, 145565]
[32.49199046, 18.22346731]    [309767, 88772, 605775, 89161, 89132, 88828]
[2.837432406, 29.02202981]    [125280, 576795, 545275, 381873, 19652, 313058]
[24.03273641, 71.29587569]    [12596, 12628, 409490, 12645, 12601, 391195]
[11.00483648, 45.73857577]    [263764, 532617, 528308, 171279, 479146, 141727]
[0.50407456, 84.79084414]    [374583, 363623, 207349, 345901, 550433, 15098]
[0.432238945, 65.53309617]    [329760, 316786, 306578, 391933, 8857, 615187]
[52.97424328, 72.09845902]    [561802, 114323, 290023, 561534, 487425, 418360]
[23.90017325, 42.91268084]    [137443, 467109, 299520, 206805, 312300, 359182]
[95.26928438, 83.82332315]    [134215, 400044, 407084, 309532, 315356, 489337]
[1.170820725, 26.89142827]    [190210, 190083, 33539, 190102, 566214, 508024]
[26.05902732, 34.57739485]    [13984, 174787, 390750, 139630, 464715, 672358]
[74.86370674, 32.70296592]    [249968, 221975, 249958, 249910, 249829, 249870]
[5.652851704, 69.21749084]    [335777, 352018, 56039, 379213, 497066, 364218]
[26.29616948, 88.8989657]    [543480, 566172, 277938, 515405, 167582, 438490]
[26.681823, 24.38975355]    [353142, 277900, 81962, 260120, 353401, 24236]
[29.39362915, 34.88068697]    [211299, 45474, 45476, 45477, 527445, 485784]
[36.70059848, 73.98555438]    [254480, 523298, 634510, 385385, 281355, 558871]
[8.183136138, 15.0309927]    [203537, 552510, 64552, 195275, 258760, 348283]
[24.99466822, 53.26549304]    [496403, 388738, 157176, 133305, 506523, 682725]
[57.08118238, 58.58619091]    [141570, 216313, 259983, 638132, 216142, 308059]
[26.21584943, 49.71918406]    [171266, 396964, 419667, 81048, 126939, 362955]
[20.39966252, 37.44353458]    [88800, 137043, 88803, 277206, 383587, 89103]
[3.261970466, 81.73719724]    [553550, 553566, 553650, 535843, 553525, 553527]
[27.31770835, 96.07748221]    [249955, 249764, 249870, 249869, 249904, 221975]
[16.32428319, 62.72203604]    [266965, 426708, 426739, 426538, 426651, 426648]
[11.43378545, 93.80263212]    [556426, 286834, 464976, 358546, 465005, 286843]
[1.552703293, 31.26096189]    [331127, 496724, 482991, 99320, 114696, 376392]
[14.96779107, 49.08729604]    [487047, 356034, 499022, 476939, 280603, 356154]
[2.332466917, 13.16552089]    [483043, 535519, 483072, 402156, 483004, 482984]
[0.59829597, 74.87028173]    [351841, 133511, 157211, 146040, 419706, 518712]
[25.02982918, 24.42557554]    [521527, 611323, 444101, 381921, 137947, 350378]
[7.397334691, 83.12287966]    [100947, 101122, 543313, 298847, 101069, 100895]
[10.34218719, 4.549074317]    [567768, 363783, 250704, 169953, 13062, 380207]
[94.07251911, 88.26214183]    [134215, 407084, 413297, 315356, 383588, 489337]
[28.03314184, 31.53124405]    [167203, 39010, 351261, 545331, 104237, 20397]
[62.76442136, 94.71755327]    [546269, 568689, 568389, 568501, 4110, 249805]
[60.35524736, 54.84937469]    [330869, 166453, 306781, 291693, 374985, 555655]
[29.80474597, 39.83589125]    [393537, 575939, 484520, 576026, 575934, 575920]
[17.04262279, 49.08695444]    [311317, 391415, 482979, 591285, 574581, 649767]
[30.32323494, 62.59318772]    [439142, 175083, 261942, 608176, 82651, 621303]
[5.407708701, 75.86741577]    [127475, 206001, 337907, 419709, 305145, 310539]
[4.278815624, 29.84469508]    [224227, 313363, 295293, 192254, 470011, 673956]
[0.523157949, 43.66735858]    [396423, 396608, 79798, 192777, 396507, 192749]
[9.42295423, 10.61651935]    [106432, 342212, 342470, 411553, 421839, 539959]
[17.94698828, 51.53612138]    [644457, 446453, 168945, 358803, 408110, 84602]
[4.881685712, 40.97847548]    [553480, 553498, 553691, 168710, 553568, 553443]
[6.595976075, 80.01169528]    [279237, 498244, 442210, 520991, 397725, 516891]
[24.43682506, 30.99385517]    [561481, 167683, 561596, 561742, 561678, 561584]
[7.86091546, 31.34697921]    [32016, 31840, 31796, 298977, 406396, 32031]
[12.1521839, 7.013525331]    [419362, 643759, 420158, 149770, 557972, 284539]
[20.65114105, 4.949327735]    [187330, 187314, 187398, 187316, 187338, 187311]
[15.42361001, 57.15475548]    [190114, 190226, 190145, 190234, 190235, 526724]
[9.188715443, 37.64837217]    [387697, 555711, 465839, 170298, 125914, 553764]
[4.730198318, 98.8073669]    [353367, 633229, 441521, 158890, 158811, 399035]
[45.12211208, 41.13830197]    [446997, 446946, 25033, 438938, 447003, 121663]
[27.01386611, 70.28044824]    [117893, 430371, 294314, 48373, 422865, 205758]
[48.25463319, 39.84542784]    [489203, 530253, 142270, 6604, 130767, 310091]
[19.13941441, 65.32491389]    [361381, 310965, 282246, 487828, 359709, 395626]
[54.02416155, 17.59095414]    [493559, 482769, 278942, 425228, 571987, 373499]
[24.92180225, 54.02764989]    [119616, 173094, 481922, 173098, 307757, 173097]
[22.78469384, 10.76987879]    [679001, 282295, 573301, 204190, 338059, 345835]
[15.27234846, 80.98854278]    [378992, 248116, 51433, 465885, 229903, 247901]
[29.6822452, 16.15993148]    [484918, 6578, 675113, 2564, 438498, 281003]
[31.87688399, 8.813869479]    [672570, 63057, 342578, 101497, 374860, 124510]
[21.30589353, 69.31826219]    [299927, 419765, 572494, 349327, 286923, 514664]
[45.32812582, 1.670231973]    [60198, 439777, 124680, 402604, 391753, 146700]
[9.352434801, 58.0638148]    [267332, 535736, 535737, 535821, 453600, 350954]
[24.98725455, 67.51348318]    [507591, 166963, 380295, 325334, 37879, 80139]
[23.26569306, 89.14275348]    [174355, 558155, 346786, 558626, 670081, 124620]
[4.801643773, 82.35587558]    [230672, 231060, 329292, 231055, 561460, 220703]
[33.05793908, 67.8885874]    [444035, 443742, 443619, 444524, 444151, 318718]
[53.1162889, 6.09252798]    [124820, 79956, 276413, 560497, 463372, 119933]
[1.31218167, 68.57923355]    [395604, 477331, 81735, 671207, 491737, 330651]
[12.18947149, 42.28484799]    [307284, 420151, 307164, 307213, 307192, 278827]
[37.34554425, 55.91815868]    [386183, 582250, 285312, 653920, 438806, 274928]
[15.13898124, 77.74045641]    [308676, 308838, 308690, 378674, 308652, 308639]
[4.15268656, 77.9447856]    [548843, 1478, 491265, 51927, 353389, 353324]
[8.232566852, 32.3051818]    [344935, 523301, 479764, 497731, 99496, 481404]
[58.39860179, 81.27288688]    [6401, 6305, 6434, 319266, 6348, 6365]
[14.34684313, 59.00527013]    [553544, 553516, 553517, 665676, 50696, 360045]
[11.76954689, 31.59672402]    [424323, 346732, 424316, 57436, 171439, 424232]
[0.071577532, 82.92030183]    [213953, 213664, 213975, 213671, 213669, 213700]
[23.83788111, 91.98573603]    [361813, 361733, 361764, 361889, 177561, 443064]
[36.06326764, 64.43109349]    [681081, 262631, 681069, 681075, 681060, 681077]
[26.06741606, 63.7802936]    [340167, 259511, 529216, 216331, 216234, 280362]
[4.909394428, 10.57506363]    [37569, 93732, 12630, 132494, 147806, 46446]
[23.38794565, 19.80817127]    [268806, 492179, 13972, 314643, 287395, 182783]
[3.62180034, 24.25676642]    [426356, 62387, 177275, 470798, 177212, 147501]
[10.02285727, 85.82425029]    [484279, 118642, 439072, 458351, 15566, 304763]
[12.89446072, 59.73049616]    [309825, 587182, 97832, 39883, 444170, 424585]
[2.158102325, 12.22350244]    [20353, 477877, 561562, 371171, 413919, 353448]
[8.52481023, 99.81958598]    [670858, 482199, 441732, 404076, 342984, 511640]
[20.13453734, 4.567562501]    [143954, 526218, 468164, 6581, 411507, 438841]
[50.27597657, 86.74506653]    [132723, 516373, 490307, 448336, 502602, 122367]
[28.8724684, 42.1065043]    [556538, 439092, 298956, 28121, 509308, 387880]
[44.35936999, 25.90361209]    [250882, 332148, 250898, 250897, 399746, 484475]
[9.009661475, 67.73683351]    [300086, 123699, 366193, 330512, 352675, 545063]
[57.76321402, 27.45517617]    [67297, 67401, 67304, 427089, 506175, 67291]
[3.878085635, 41.08859345]    [356405, 170643, 6307, 6470, 6423, 6488]
[3.12925246, 96.95921151]    [403125, 171579, 441199, 360252, 441148, 441161]
[9.77029658, 68.13561921]    [358724, 98066, 358705, 555052, 252213, 545636]
[4.823038746, 2.22024146]    [295925, 515525, 275815, 442849, 469774, 515832]
[31.19809471, 13.78652395]    [225014, 565150, 318611, 224852, 350634, 177373]
[41.39865109, 80.45861006]    [230993, 561755, 383042, 561520, 561618, 561527]
[33.90528754, 56.41967918]    [306549, 277137, 537037, 512800, 439997, 422409]
[22.31641485, 52.58460685]    [438675, 492559, 445647, 4443, 424810, 332505]
[45.12514083, 36.30983038]    [213634, 418383, 5332, 283772, 283804, 213629]
[31.19874879, 86.61723687]    [301221, 416836, 332400, 544254, 132965, 508136]
[41.09490515, 29.49275213]    [367524, 86308, 285346, 486637, 570107, 28628]
[49.23499722, 15.55547806]    [450242, 102062, 332810, 292533, 390098, 169501]
[38.47849742, 33.68261702]    [439142, 268098, 671436, 416496, 497425, 93404]
[27.35393939, 46.23380517]    [481126, 169973, 19959, 290156, 267256, 169902]
[27.80315907, 33.38444426]    [576410, 378528, 102436, 102503, 102663, 102409]
[0.598841076, 1.154966126]    [360899, 74425, 428268, 511610, 675623, 546871]
[5.517163453, 20.12947871]    [561304, 561320, 561281, 275528, 561158, 271674]
[53.38592867, 41.47519873]    [442573, 372459, 102902, 442431, 412602, 442488]
[18.89853048, 18.93657115]    [615338, 205600, 207066, 388700, 105070, 310955]
[27.23027304, 27.50413701]    [104961, 387107, 69867, 312014, 263119, 291000]
[4.397897004, 96.92194943]    [117728, 117639, 117254, 117391, 117685, 528087]
[33.86250974, 18.25915531]    [507413, 443109, 577117, 577120, 577076, 483130]
[86.37222093, 97.55419888]    [421485, 134843, 144220, 539127, 417037, 335850]
[21.67674856, 92.93578247]    [51842, 430976, 442401, 573552, 14025, 295354]
[38.51982724, 85.74668326]    [289142, 400197, 372886, 526187, 289473, 63743]
[29.51980508, 43.81959822]    [577003, 577083, 48549, 576931, 576950, 577127]
[12.60197109, 75.40930387]    [401111, 289910, 277968, 377776, 635569, 362057]
[0.724653272, 71.90536019]    [250163, 552011, 385011, 465708, 312040, 312090]
[3.320565137, 40.14976903]    [361654, 649585, 384238, 267640, 484281, 174781]
[4.49529764, 44.29658079]    [373943, 43028, 47589, 373891, 17817, 418361]
[21.65210624, 50.00822735]    [544137, 431136, 81335, 166538, 276892, 663046]
[19.78766309, 96.75226267]    [146022, 479391, 545584, 305838, 638837, 664789]
[34.90103068, 88.10122615]    [346784, 463182, 117560, 522109, 48108, 254620]
[0.936307408, 91.03955222]    [536024, 348854, 488945, 391884, 19850, 177485]
[26.15539578, 96.15286576]    [388995, 545696, 287593, 3152, 132148, 582261]
[3.646843781, 13.91282513]    [405959, 112690, 388224, 427968, 325694, 515081]
[16.29095049, 79.68944569]    [556843, 208663, 394192, 577202, 544002, 437997]
[10.81685622, 83.74532986]    [345413, 223841, 223867, 198248, 223880, 223838]
[8.673167678, 94.28187128]    [378373, 292788, 292677, 292918, 292785, 292831]
[12.9199295, 75.00129767]    [504259, 487330, 479490, 350991, 118842, 491736]
[40.00521884, 86.71392339]    [541464, 420820, 599100, 12519, 364665, 163663]
[43.46117726, 80.81817453]    [189539, 425797, 422821, 258871, 486959, 189645]
[20.28539477, 37.55397171]    [422230, 527897, 134567, 374515, 422287, 422317]
[67.62112918, 99.62483316]    [377143, 446217, 71816, 531070, 256401, 47903]
[52.59846054, 49.79189131]    [13991, 558815, 158362, 558787, 558837, 544519]
[16.86474597, 71.69635444]    [393543, 72965, 373875, 45564, 387352, 72988]
[15.26965405, 11.60046579]    [176691, 639982, 128025, 131915, 334078, 134622]
[3.685996432, 91.30744637]    [292897, 487266, 292883, 6504, 541493, 292842]
[1.445395939, 65.39084418]    [531816, 576138, 600671, 353534, 180252, 548294]
[52.95012017, 35.99296819]    [403221, 546497, 164265, 437677, 318543, 430216]
[12.42534529, 81.80441573]    [128386, 179332, 389244, 47357, 154735, 478312]
[2.304001057, 96.39362556]    [148323, 336164, 645725, 547248, 257528, 363627]
[37.78473783, 51.95509213]    [546648, 543432, 375348, 426691, 282515, 439245]
[53.65654825, 90.91968569]    [413687, 77845, 197403, 170014, 148509, 375066]
[7.481632968, 39.77113305]    [551928, 67680, 67648, 67671, 68054, 67919]
[25.27179711, 31.53027229]    [531356, 423170, 373649, 373693, 373790, 534134]
[71.76121668, 21.89267267]    [244978, 549449, 44163, 43716, 545198, 43659]
[16.81730919, 63.01754099]    [574316, 574322, 173945, 481226, 485561, 574263]
[42.78788606, 30.080336]    [450242, 446881, 33133, 102062, 292533, 390098]
[0.498100031, 81.9212923]    [483830, 645868, 530114, 14922, 332392, 556023]
[38.96192807, 6.614924718]    [645627, 146900, 159674, 543936, 673668, 637078]
[47.90400536, 86.36070243]    [215730, 215559, 215846, 215572, 215562, 541943]
[13.0948146, 10.2524205]    [562957, 13846, 302563, 543027, 477323, 54239]
[3.147957555, 38.00074487]    [230931, 286277, 270070, 240496, 406978, 252665]
[6.527855593, 85.32145684]    [335524, 104194, 78279, 404716, 536355, 480330]
[10.46678287, 12.12233945]    [308740, 308836, 304022, 308679, 308648, 308649]
[20.25605547, 61.95826984]    [190208, 190193, 174057, 64044, 358585, 190159]
[1.195210492, 97.18601357]    [404050, 390128, 179284, 179285, 340024, 418840]
[63.06810046, 11.13748554]    [356163, 356099, 356044, 356233, 356249, 13406]
[31.13715383, 74.98453436]    [535144, 438772, 548574, 334173, 138590, 196127]
[1.950950312, 65.77851813]    [441318, 325484, 359388, 378556, 110202, 186782]
[24.06238513, 5.346319791]    [357493, 576939, 577085, 197194, 12796, 576885]
[7.433022925, 15.23593242]    [137600, 290919, 563632, 185146, 290888, 494440]
[55.27854994, 63.41831876]    [187715, 187717, 187701, 187726, 187708, 187709]
[40.80510915, 46.73420381]    [436484, 301392, 510849, 122233, 548112, 421064]
[17.98989989, 91.79856909]    [401927, 505919, 189480, 483052, 255517, 57263]
[57.42618837, 1.186487995]    [216389, 497553, 184235, 112954, 289423, 216463]
[49.95738899, 47.26227936]    [117024, 380871, 479940, 385085, 447435, 238221]
[17.97443967, 35.44259698]    [553466, 553549, 401536, 524062, 553507, 553654]
[13.40237155, 39.36257919]    [677417, 99589, 359439, 439916, 124874, 398120]
[2.580561978, 54.31444791]    [385911, 643757, 361171, 284540, 174447, 436569]
[27.26905831, 38.78472165]    [6497, 172515, 547310, 274238, 421482, 660263]
[1.627629352, 85.08736178]    [353364, 353078, 332380, 353326, 654690, 353416]
[1.946311918, 65.85647195]    [642443, 521438, 654416, 108168, 168875, 417912]
[72.42452938, 43.66734278]    [124800, 265837, 560643, 580131, 556883, 436523]
[22.83661084, 22.54849961]    [477346, 524544, 477374, 351225, 477339, 48462]
[55.17678696, 36.08798262]    [439302, 252976, 61592, 295598, 483338, 253068]
[2.955208138, 77.02480928]    [414244, 260976, 146581, 672259, 642021, 146013]
[6.275974224, 42.47018738]    [466021, 414531, 341778, 353820, 271118, 324441]
[2.141855148, 10.25775814]    [323510, 651563, 240452, 240404, 116378, 566375]
[29.54660273, 29.79508114]    [6818, 261445, 6824, 6698, 374462, 6702]
[41.66362451, 14.97878407]    [518243, 150888, 445803, 290677, 562681, 351833]
[46.18216561, 33.09420633]    [614764, 78662, 357106, 363437, 395391, 103487]
[2.460497701, 97.29567269]    [338386, 97846, 62170, 544530, 406061, 546966]
[32.44752303, 53.00257281]    [516725, 52772, 469551, 119577, 422156, 254157]
[53.65381411, 77.95978855]    [480853, 183217, 183207, 105, 183103, 183055]
[9.964073666, 88.51053267]    [535784, 340806, 341121, 340947, 341176, 341051]
[3.283841243, 67.69584213]    [46181, 108761, 74921, 557713, 428394, 439576]
[74.58655836, 25.00614581]    [171346, 306582, 403125, 441199, 360252, 639749]
[31.39653961, 12.01723554]    [224225, 178614, 125801, 224345, 1295, 101134]
[21.39578394, 79.67206815]    [180227, 180288, 180321, 180359, 180254, 180220]
[49.82070635, 70.83989895]    [559002, 393030, 291088, 390336, 21018, 62666]
[47.85236458, 35.25035381]    [264151, 680591, 424766, 62235, 572211, 25547]
[9.638579503, 92.28467578]    [206610, 369009, 443089, 437537, 483375, 143246]
[17.0784352, 16.68661433]    [52274, 52281, 52173, 52557, 336955, 52031]
[29.5763502, 18.84759113]    [261107, 281158, 639759, 171525, 260811, 131034]
[17.39708449, 63.76901056]    [231041, 231143, 231030, 230665, 231007, 230910]
[10.40869284, 93.36123087]    [180083, 305457, 380096, 441376, 112541, 309513]
[5.546980245, 30.44717951]    [365092, 419413, 173684, 93783, 260346, 336392]
[1.997019496, 10.73086705]    [261924, 138890, 262072, 261640, 262111, 262109]
[62.68291171, 92.90222457]    [341164, 340975, 341198, 341079, 341049, 341179]
[19.93444405, 14.90795495]    [648475, 358803, 390957, 550145, 84602, 288911]
[18.08075162, 0.087791883]    [362289, 143508, 64951, 418830, 435903, 418570]
[4.85667607, 1.196171192]    [412230, 373909, 373783, 373750, 374065, 141077]
[9.951253376, 22.58550588]    [17345, 159348, 444304, 159163, 17355, 159358]
[34.05573823, 49.58866912]    [89095, 15976, 522268, 143257, 88797, 88831]
[31.89079505, 84.02957101]    [387221, 465015, 174256, 437900, 275594, 279354]
[19.67524068, 80.29649577]    [461415, 428598, 355874, 187374, 441336, 619478]
[17.88762183, 25.86209692]    [278630, 183958, 588293, 400395, 386155, 499496]
[6.354098234, 24.7926443]    [247330, 407874, 441746, 247668, 50376, 247388]
[32.83785568, 6.775441646]    [220737, 603505, 195883, 164347, 220728, 220719]
[48.13147606, 28.84285726]    [349107, 377465, 164508, 597943, 295290, 569415]
[5.76516581, 62.49127128]    [484310, 143713, 387968, 527101, 536385, 390862]
[56.21620857, 76.98183209]    [341157, 553700, 324139, 340883, 553490, 341146]
[0.678671796, 22.97514739]    [168802, 549006, 437165, 283433, 669799, 562069]
[16.11967746, 3.429800834]    [294214, 16611, 180309, 180235, 71069, 180269]
[3.713872346, 86.02964581]    [213653, 213924, 213673, 106458, 146441, 213917]
[0.62452507, 2.401569977]    [426390, 392181, 548969, 351463, 631629, 271489]
[27.57287299, 37.5648917]    [679209, 347425, 450813, 443576, 544934, 571975]
[77.3000585, 58.56528317]    [317380, 406199, 629722, 649837, 421952, 652000]
[11.70762021, 77.97446305]    [232481, 232305, 232561, 232385, 232426, 232108]
[39.92637877, 99.32087393]    [252565, 205732, 286252, 13659, 252573, 356938]
[3.324504937, 3.822787818]    [550120, 281989, 51874, 580798, 257161, 346747]
[30.3837701, 85.02191522]    [543480, 566172, 391247, 515405, 438490, 383499]
[2.992365747, 22.85895315]    [429617, 429518, 355423, 429597, 429642, 98045]
[25.58449724, 77.25241151]    [269140, 56561, 174099, 174321, 674862, 306129]
[23.59174592, 23.73830137]    [529000, 98083, 70858, 429018, 256271, 380490]
[10.45529115, 39.3523912]    [641449, 115556, 571999, 560015, 49384, 617536]
[18.00679742, 99.91931649]    [282427, 307574, 318264, 454884, 64996, 386411]
[23.53639386, 94.19926851]    [171298, 398341, 664140, 398353, 171486, 522602]
[2.633164024, 11.15600947]    [234295, 234311, 234468, 234267, 234280, 234446]
[49.94519742, 78.80387235]    [101381, 371855, 329268, 547836, 484605, 371935]
[29.59346971, 39.68325955]    [149170, 517094, 52113, 337903, 146958, 517129]
[17.44244273, 38.59878217]    [147506, 549052, 51557, 112455, 371213, 377321]
[17.93220472, 57.60318642]    [525820, 525821, 525824, 525826, 525827, 412856]
[50.72483558, 83.18668534]    [528218, 362385, 482898, 47881, 355038, 634135]
[28.69763437, 86.47229732]    [97509, 194510, 194670, 194655, 194637, 194477]
[10.14885142, 25.04151138]    [257655, 161381, 540609, 342191, 448394, 72415]
[11.09923583, 93.91115323]    [614617, 550972, 550976, 383256, 379048, 77518]
[20.91493396, 35.48471687]    [235555, 235424, 334956, 47801, 235359, 99742]
[88.34665766, 94.5771418]    [281995, 563660, 138866, 467559, 616701, 404929]
[32.69991501, 20.54014892]    [449708, 470509, 2092, 415658, 310649, 1070]
[25.82970076, 78.57569606]    [278134, 440741, 395234, 356435, 345547, 481896]
[65.33146339, 89.73867883]    [323460, 565579, 12502, 422751, 516065, 353579]
[6.752617682, 7.129915833]    [237702, 465424, 237652, 489328, 465420, 407449]
[7.565599926, 20.59874486]    [483430, 332000, 436243, 517728, 541857, 436747]
[34.49631548, 64.55374399]    [470884, 470990, 493133, 661910, 444042, 70591]
[73.85455925, 99.61862075]    [386115, 600305, 282650, 677889, 522901, 547571]
[42.71746533, 95.60456045]    [66400, 496000, 332002, 332034, 331952, 331955]
[16.5424382, 11.74555233]    [446790, 446933, 446963, 446992, 447000, 106846]
[53.48182942, 22.18945352]    [573577, 157204, 598005, 302296, 502714, 135757]
[40.96969248, 93.3363936]    [573449, 256535, 12602, 12626, 12633, 12652]
[45.73295143, 38.67720519]    [291589, 291574, 291527, 291475, 291555, 291533]
[50.45109758, 91.36764287]    [521314, 521207, 21428, 373309, 275037, 479128]
[3.765570407, 2.851967446]    [427735, 427959, 427733, 602028, 535901, 427642]
[8.868840576, 88.24272475]    [46128, 609768, 480677, 342178, 533200, 464847]
[27.27395579, 28.37275911]    [56913, 51554, 291590, 130866, 210567, 389722]
[47.45310226, 28.06743711]    [102646, 277459, 64328, 559745, 206346, 102783]
[54.94426918, 99.87186423]    [135266, 511892, 447632, 480570, 518100, 126632]
[2.497145883, 17.94704906]    [537612, 555694, 448975, 537713, 537540, 116093]
[9.781629932, 99.98177275]    [137608, 287048, 50877, 449518, 371275, 260029]
[1.322809641, 69.63264067]    [446644, 418677, 577997, 542640, 212138, 356299]
[3.977839772, 45.46696018]    [322292, 127328, 50147, 479569, 135509, 565041]
[10.13208156, 91.97571544]    [375204, 415186, 631871, 548114, 11901, 498856]
[1.066050345, 91.07841194]    [356087, 323943, 356166, 356032, 521439, 356143]
[13.09343277, 42.19542813]    [481879, 62721, 250401, 62712, 653217, 562612]
[40.72136296, 29.99634118]    [638073, 275813, 325174, 489265, 599984, 300335]
[4.079491233, 84.23157759]    [308662, 401588, 566347, 544560, 436012, 585927]
[44.6664563, 72.01985461]    [617609, 525612, 523376, 213007, 116652, 295162]
[45.98070328, 56.99494191]    [295092, 67266, 298519, 67222, 599170, 7311]
[17.56851767, 41.82064409]    [640216, 182849, 324670, 664566, 310152, 374570]
[32.97798171, 62.77935279]    [176913, 322727, 177067, 432669, 177164, 643063]
[7.570517022, 82.35883707]    [564939, 350928, 357452, 564946, 341342, 491579]
[49.35308821, 90.23039251]    [482663, 497783, 341058, 340876, 340814, 341161]
[3.580461104, 38.11380274]    [402244, 129379, 361006, 568533, 366856, 568582]
[28.41861628, 40.2456294]    [5411, 92276, 358339, 224874, 5322, 5291]
[3.264708692, 15.61515079]    [125159, 339138, 177578, 184202, 177661, 644934]
[29.33201116, 80.03655387]    [3794, 291383, 25108, 309506, 298490, 549366]
[25.39165149, 51.42314383]    [407015, 603659, 603931, 603710, 281427, 571587]
[22.08975289, 61.28434108]    [552121, 131, 168168, 172031, 19789, 436856]
[21.43362793, 97.31426861]    [127858, 137622, 137301, 208089, 129999, 139613]
[6.494636822, 98.89714201]    [527272, 526875, 39940, 106422, 336808, 303962]
[14.38054592, 29.7033264]    [614953, 199282, 89232, 199280, 256293, 23390]
[5.494908064, 89.99745039]    [88149, 339586, 66701, 48413, 279306, 13614]
[6.833912313, 80.71049907]    [2465, 448834, 546302, 399614, 439439, 134971]
[42.38393976, 1.132861765]    [561594, 459809, 561748, 561509, 562533, 291050]
[13.1429701, 40.23835263]    [74225, 74197, 74183, 73785, 74040, 74190]
[30.48079393, 25.55732073]    [27313, 18660, 281907, 106057, 320284, 167481]
[9.175358842, 64.88481225]    [671403, 558494, 548462, 327085, 407498, 400570]
[28.10796459, 25.45818913]    [296308, 225158, 225098, 225160, 225199, 463912]
[18.38908086, 88.55136937]    [582457, 582681, 582570, 582781, 582401, 582628]
[16.39375343, 7.558053261]    [121008, 324850, 149417, 563427, 17196, 121022]
[38.05214612, 89.28846299]    [106820, 501026, 427615, 313646, 294607, 338937]
[77.20208399, 37.1527824]    [464646, 440997, 464642, 464619, 464714, 464649]
[38.2497547, 27.25039687]    [172710, 430327, 384369, 261691, 430330, 205758]
[0.346783722, 90.43064467]    [194522, 194698, 194459, 194536, 194798, 349946]
[0.278397999, 70.52828351]    [358263, 495187, 466012, 75148, 443928, 14991]
[27.22067638, 39.46278779]    [525752, 46099, 46100, 170666, 306303, 402344]
[3.340204218, 32.73625455]    [598250, 543021, 279644, 423290, 477258, 578487]
[35.239589, 39.86524899]    [580, 312752, 428730, 284649, 179551, 526535]
[58.07771965, 99.71859611]    [370818, 614805, 292665, 292687, 292691, 292835]
[24.14142172, 58.37864197]    [424435, 478737, 377651, 393776, 515808, 210025]
[55.93629911, 99.39417176]    [174562, 676651, 224257, 224293, 213480, 224414]
[22.73530305, 68.84947856]    [446887, 423813, 446888, 297290, 483095, 446869]
[8.600064044, 33.10746364]    [464247, 172518, 158711, 437600, 372892, 452319]
[95.75861978, 59.56886544]    [528136, 335765, 100987, 110666, 130523, 196363]
[65.41538064, 49.33441042]    [24913, 363140, 553835, 419957, 354433, 615372]
[4.255792339, 53.16598405]    [172384, 172407, 172389, 177978, 388444, 172415]
[5.351917485, 7.327771502]    [33361, 563901, 394483, 625477, 191807, 421161]
[7.839210894, 94.64177533]    [336941, 369141, 249299, 295991, 525534, 443614]
[11.27341669, 38.8492729]    [332517, 112081, 549373, 148820, 536227, 299899]
[1.224007064, 55.2104031]    [304468, 420005, 386867, 480943, 453919, 651010]
[7.20650244, 31.69561385]    [557549, 526799, 539263, 337181, 421816, 442984]
[83.16970562, 98.90309436]    [619543, 128282, 379960, 16257, 487406, 131050]
[18.48251517, 50.66597528]    [122225, 65218, 542540, 400270, 301690, 446232]
[23.532552, 59.62484959]    [289255, 201045, 558767, 559105, 201080, 38107]
[8.497310797, 46.82457253]    [314501, 529339, 322275, 177563, 302232, 569094]
[1.505659882, 86.86580651]    [441015, 47383, 424252, 610610, 661092, 443209]
[22.44873141, 5.055316318]    [275781, 393057, 352348, 403164, 33036, 206350]
[67.97930203, 23.02153839]    [340999, 340960, 341007, 340878, 172079, 340808]
[18.32412704, 59.51636194]    [194642, 104915, 72613, 47383, 671106, 366875]
[14.68208844, 99.98063966]    [396669, 355218, 359513, 359588, 384625, 516103]
[21.72944639, 6.786509941]    [444629, 444565, 444674, 580670, 444545, 444687]
[2.277897472, 31.12232648]    [535976, 465814, 185265, 542988, 436851, 186250]
[20.70855323, 75.31277196]    [565736, 370679, 300446, 141374, 227230, 557543]
[16.5876389, 53.37209151]    [322340, 196466, 531758, 142293, 672754, 485453]
[15.89245381, 2.225415413]    [333701, 542782, 403135, 182878, 609668, 542806]
[27.02475699, 77.10654307]    [543242, 182992, 589325, 518877, 465353, 104270]
[7.340704532, 81.82031569]    [299157, 179920, 282355, 13832, 562995, 299098]
[5.304223966, 45.56502636]    [292836, 292870, 380546, 223252, 514877, 53918]
[31.60156286, 42.27772589]    [352532, 61715, 551116, 661852, 275714, 441529]
[40.04347869, 0.162088251]    [40224, 297907, 338850, 347372, 664465, 322505]
[2.392337264, 84.14810294]    [103331, 523237, 194662, 657247, 182700, 194733]
[37.58076455, 2.744116033]    [393826, 222693, 222805, 222907, 222735, 332248]
[45.34077907, 69.32717509]    [138241, 258665, 252623, 327192, 658756, 99839]
[23.81953313, 14.82650782]    [187393, 187433, 187273, 187383, 479707, 187260]
[9.334572604, 99.95273313]    [163745, 163765, 571168, 409918, 305561, 163676]
[14.38197619, 62.41788477]    [511829, 542142, 469697, 413999, 383276, 79002]
[34.3097156, 54.66095023]    [235410, 235441, 227857, 26980, 235413, 26920]
[16.6201731, 14.19847615]    [467378, 526830, 467393, 467375, 388764, 341551]
[35.00013153, 47.16568517]    [250899, 501271, 250934, 444209, 250970, 250952]
[14.35430689, 25.77926829]    [250995, 13972, 380211, 287395, 526197, 583078]
[5.225778855, 59.60426552]    [441317, 325484, 574624, 359388, 378556, 325482]
[28.11191767, 84.81319647]    [607611, 570107, 28628, 607281, 607413, 14236]
[5.190166258, 65.54444014]    [523189, 416708, 537356, 483490, 517291, 292779]
[62.19446699, 90.28754874]    [195712, 195696, 195765, 195786, 195643, 195768]
[6.405223377, 14.29097797]    [56580, 243543, 335820, 243304, 544180, 421065]
[7.188817302, 92.62365019]    [447302, 487217, 284514, 383800, 442491, 273498]
[46.59790285, 15.74698257]    [10098, 325837, 149144, 7579, 4332, 559398]
[33.54787211, 8.507953692]    [230305, 135984, 200641, 177761, 117734, 117374]
[20.23837086, 49.90462729]    [145536, 571002, 584, 491067, 644215, 487049]
[4.304303712, 51.85836019]    [338951, 255047, 436673, 151685, 572884, 492664]
[24.32239553, 37.40178123]    [600573, 299681, 5589, 144837, 437980, 65436]
[39.8905461, 95.65779495]    [370309, 437220, 258230, 258235, 258042, 258154]
[33.27714709, 81.73200158]    [323284, 401031, 205942, 290145, 539092, 158685]
[21.69769728, 49.75077423]    [102822, 102538, 102794, 466105, 102398, 428713]
[73.15945623, 40.42999116]    [564632, 443031, 379092, 255812, 5835, 459307]
[23.87414228, 90.63719265]    [175779, 325030, 556126, 479549, 399628, 510394]
[2.609618125, 25.97758267]    [122451, 429426, 517778, 48251, 526659, 484970]
[22.33861941, 36.64331152]    [164162, 32153, 501917, 437530, 390825, 505274]
[8.347214689, 83.48987097]    [512295, 205505, 675161, 317969, 498176, 405032]
[30.85471995, 48.91792554]    [614795, 560492, 333808, 512189, 478490, 46367]
[14.84989926, 63.70157892]    [553373, 553389, 553393, 553362, 553350, 403881]
[8.078743089, 0.003459587]    [283447, 283655, 283767, 336691, 283779, 526207]
[17.259336, 32.83276891]    [565272, 565256, 517137, 565102, 478411, 565268]
[69.4935375, 18.70646398]    [117312, 144608, 516933, 332790, 364353, 102970]
[40.09009908, 50.06546033]    [313700, 12417, 74720, 488405, 74870, 74972]
[2.521222548, 64.53975162]    [172434, 71716, 467437, 413532, 180716, 362763]
[9.537928767, 25.19544086]    [391933, 389869, 8857, 390188, 64602, 101514]
[1.252725007, 86.98475035]    [357462, 550094, 484239, 340745, 484250, 133149]
[43.37914094, 54.98767966]    [519215, 215370, 370383, 522092, 311208, 283082]
[60.50509588, 92.34567086]    [89075, 89111, 88854, 88811, 88779, 297375]
[58.58656602, 4.02371377]    [62593, 241393, 493092, 62693, 62679, 62590]
[1.67833053, 54.79255489]    [673212, 392946, 435630, 431231, 477980, 124460]
[1.810004535, 59.16931809]    [411142, 103712, 442759, 527083, 382860, 273913]
[15.186443, 36.46914323]    [483287, 576170, 466402, 175384, 20094, 374650]
[19.81181418, 50.72516447]    [644217, 54915, 333350, 539004, 6282, 384059]
[11.03943056, 8.96995825]    [146435, 369703, 272460, 272463, 262094, 278698]
[13.93984429, 30.92480493]    [209559, 566623, 437406, 564498, 564374, 406104]
[21.08194037, 29.88114188]    [570713, 465282, 395664, 369742, 516044, 136173]
[51.36406115, 34.95512859]    [356053, 356231, 356128, 356239, 228815, 356200]
[7.716019448, 29.99608797]    [180725, 487711, 279272, 2092, 310649, 1070]
[55.34287514, 99.74249957]    [135415, 137916, 44187, 650695, 129065, 359611]
[4.947051126, 88.89119459]    [544286, 527840, 19705, 207288, 322968, 167341]
[0.673419554, 36.43331592]    [393652, 61891, 571949, 439073, 61815, 61929]
[32.09383268, 68.92483278]    [436660, 292604, 262575, 406378, 299738, 466873]
[34.14524465, 66.94124163]    [420247, 672248, 47573, 574623, 15420, 355306]
[17.35913086, 88.27277045]    [373028, 373136, 320770, 251355, 373228, 251342]
[8.019739257, 18.00198729]    [470134, 296485, 641646, 430766, 677126, 182958]
[67.92171802, 16.93950486]    [553547, 553583, 553668, 553605, 553599, 553462]
[2.212299975, 70.69652021]    [127474, 405762, 292147, 424218, 649829, 317081]
[1.767157082, 41.87117955]    [406340, 149361, 406306, 345634, 406479, 48093]
[23.79427136, 93.33313382]    [232626, 232247, 199988, 199946, 232446, 199964]
[6.293824583, 43.18762659]    [243285, 243563, 243819, 629091, 628903, 243548]
[38.92091325, 56.79375351]    [450855, 656537, 169297, 86550, 339517, 383231]
[2.495935913, 24.92697879]    [267943, 53188, 256884, 12888, 517246, 124636]
[28.18277399, 90.1504151]    [133184, 185046, 184934, 184857, 185052, 184876]
[13.80724123, 68.98130336]    [67394, 67221, 379225, 118637, 67212, 67534]
[2.854502526, 66.50665451]    [150499, 481317, 548975, 531937, 272216, 541556]
[23.02064298, 19.20781269]    [172322, 172241, 172199, 63318, 172206, 368602]
[9.173501682, 8.555860975]    [627752, 102976, 108915, 440916, 102983, 357690]
[17.65562243, 26.11217382]    [254306, 19492, 148342, 486146, 363938, 448408]
[18.91690686, 85.30607473]    [101234, 270519, 101108, 100886, 101228, 101231]
[28.53794586, 15.58680458]    [275943, 274416, 283539, 283448, 283593, 283626]
[25.34421903, 56.84683086]    [553723, 103156, 482895, 156009, 576437, 559974]
[4.480056878, 87.03393218]    [546520, 372292, 257266, 339670, 300001, 255487]
[13.65650115, 86.79390775]    [548937, 326055, 134935, 136990, 421578, 205086]
[31.00749459, 60.33569202]    [577025, 577073, 450106, 344760, 576981, 577014]
[36.87191193, 11.7457774]    [187279, 187372, 66359, 479707, 225662, 484474]
[24.20145037, 96.57949442]    [566731, 224374, 224214, 224308, 224442, 224252]
[28.80120937, 51.7556016]    [223170, 477250, 223301, 466911, 225674, 223325]
[0.076589218, 16.26564713]    [17585, 17522, 17622, 17562, 17563, 557396]
[39.20381506, 0.84871223]    [406496, 406351, 406431, 352446, 134457, 406296]
[12.67954057, 87.33703677]    [477591, 468614, 565274, 581232, 565136, 466717]
[9.58812405, 65.50806739]    [651881, 445207, 303013, 604315, 260789, 131645]
[37.0522198, 36.72963061]    [400548, 395505, 356271, 573715, 45659, 45755]
[49.17530375, 99.91916144]    [269608, 291226, 435057, 350741, 488463, 262024]
[52.4823561, 47.16935219]    [523782, 523638, 523636, 279856, 523648, 516520]
[47.63731226, 46.47324864]    [299648, 36233, 197066, 373807, 468958, 7263]
[41.43793778, 28.76258461]    [216418, 216123, 216362, 342300, 216137, 449341]
[23.22923835, 90.15152842]    [117377, 117217, 117257, 117480, 117201, 528087]
[5.419384996, 34.85073122]    [133571, 217425, 102516, 205940, 449404, 658721]
[3.421522392, 39.9210434]    [110096, 373846, 147989, 142719, 503514, 558262]
[45.17701177, 66.1381117]    [123457, 335687, 41798, 448497, 146472, 128170]
[31.98223919, 60.35939864]    [324903, 157204, 324909, 324702, 539045, 324811]
[21.1852789, 2.717915768]    [336519, 672472, 90386, 612829, 547564, 488318]
[1.980806251, 15.94484964]    [561193, 561210, 232438, 281378, 180687, 281387]
[34.34851207, 84.16301984]    [544744, 488660, 300855, 373568, 98203, 104540]
[25.89387216, 22.67330296]    [614347, 372071, 536832, 519243, 667718, 527157]
[28.93671547, 17.84775179]    [12628, 409490, 12597, 12645, 12601, 391195]
[19.65314545, 77.64620084]    [62688, 13479, 62647, 141800, 126652, 263962]
[28.63989583, 55.74979927]    [404070, 141476, 542929, 428351, 340825, 87647]
[24.57214021, 54.52410055]    [255715, 248578, 248482, 248503, 374126, 248606]
[46.79533197, 36.2020319]    [545696, 277901, 287593, 3152, 132148, 582261]
[10.85431879, 52.83799549]    [327141, 450199, 427616, 542511, 144607, 440680]
[17.02715305, 46.85713433]    [286518, 286432, 102678, 50728, 461659, 649044]
[1.195627148, 98.88733443]    [443524, 444098, 400526, 444247, 443549, 443696]
[41.55493986, 32.7982789]    [581626, 481043, 51494, 400289, 555631, 527987]
[4.001570372, 46.35304255]    [429028, 539372, 403051, 675172, 276715, 472156]
[41.16929053, 97.74655396]    [248627, 248466, 248626, 544321, 248473, 375129]
[28.60781675, 69.83026623]    [96227, 198052, 169834, 579506, 593158, 420441]
[45.26168735, 38.95098509]    [380100, 19426, 77812, 332880, 19366, 516492]
[55.01513752, 18.47180676]    [628441, 220624, 247792, 540844, 313235, 132989]
[24.43071744, 25.23179897]    [376485, 369911, 420046, 46411, 312201, 378779]
[7.159734735, 15.53391758]    [174323, 508066, 134809, 174092, 174252, 433529]
[45.6042838, 84.31153111]    [348465, 283533, 283663, 384920, 283801, 227276]
[26.33833421, 24.74649842]    [159874, 449911, 159786, 159883, 159615, 159900]
[0.497068542, 20.05057053]    [446166, 668185, 283248, 477010, 299347, 53130]
[55.49219762, 20.90413885]    [64549, 346541, 64536, 64665, 64573, 64557]
[2.930448499, 30.35029383]    [47568, 303681, 379648, 608911, 575301, 103615]
[46.65091549, 90.00282645]    [82945, 126784, 126562, 403017, 131065, 548692]
[12.5809631, 41.19901937]    [67283, 67426, 464948, 67258, 122463, 67550]
[22.30662545, 54.49219838]    [618633, 294629, 294593, 294643, 294654, 294591]
[13.285606, 42.27065293]    [354566, 414261, 20726, 56792, 165516, 174861]
[12.85021849, 50.62754155]    [177042, 549341, 177032, 386703, 177145, 177053]
[4.060408563, 27.11011971]    [354594, 651598, 354537, 354585, 354601, 444248]
[26.77560386, 50.75268175]    [170676, 157211, 632355, 419706, 296809, 518712]
[7.21653422, 89.5692769]    [404736, 438512, 134324, 355827, 404734, 404718]
[36.78344782, 14.12773703]    [192339, 321554, 246984, 373832, 355723, 321531]
[13.65322038, 23.90329949]    [126259, 126227, 521749, 137365, 139786, 197516]
[33.99839683, 92.62678495]    [189555, 189569, 189862, 396769, 540771, 422872]
[34.12000113, 8.777935939]    [15233, 475923, 19478, 136170, 425100, 492363]
[7.926797781, 14.40401183]    [105424, 204945, 192961, 311080, 21581, 467674]
[7.683796509, 14.19222092]    [416486, 50560, 397014, 256724, 205380, 127022]
[45.4802932, 31.12333115]    [144803, 67397, 284161, 429421, 67532, 67194]
[7.115595409, 79.34030766]    [74899, 636380, 429085, 298952, 674119, 385994]
[15.54015254, 3.536805848]    [117617, 280644, 576313, 537260, 645340, 672423]
[11.53679335, 37.86547634]    [532857, 533164, 634588, 5639, 6521, 6767]
[0.349847415, 85.68394445]    [20626, 552667, 20820, 205147, 20651, 20638]
[44.44722617, 87.63108886]    [57376, 521382, 373793, 197066, 444521, 7263]
[34.82399556, 60.67161091]    [130085, 139444, 440029, 546725, 324154, 40686]
[2.592629858, 93.23153697]    [313700, 12417, 488405, 74450, 62598, 297955]
[6.952680724, 99.99773883]    [406362, 546802, 204804, 75312, 492069, 511049]
[12.97452224, 35.58279915]    [548153, 380660, 539070, 587185, 671025, 475721]
[1.034939885, 77.33866174]    [558344, 508535, 571499, 377231, 128906, 225756]
[20.91772219, 97.62090247]    [351396, 142448, 517093, 77938, 607920, 565414]
[6.42790972, 34.47924045]    [468967, 468740, 468948, 234965, 346978, 469263]
[13.72346785, 26.02332934]    [416468, 515028, 507860, 580607, 633365, 171231]
[59.82441467, 19.96505782]    [444098, 299650, 443851, 443926, 444130, 266807]
[10.60551696, 74.6860423]    [286182, 421508, 488291, 166808, 412682, 270409]
[1.860206692, 74.22540629]    [452870, 162711, 166884, 556498, 398877, 521513]
[26.33652528, 95.79763299]    [322948, 38418, 426224, 511343, 507371, 71629]
[4.978675342, 44.3199904]    [516565, 469138, 282721, 282666, 282746, 282811]
[25.10022529, 50.58913987]    [558895, 315756, 558913, 558947, 558948, 484520]
[18.97299613, 47.85578182]    [232530, 232257, 232528, 232352, 232615, 232568]
[34.18924205, 2.634939673]    [292716, 153705, 482614, 132823, 445361, 675732]
[44.39691865, 93.48080517]    [483988, 195142, 388001, 483986, 483982, 483964]
[13.17681152, 54.70105398]    [190225, 190164, 149098, 190042, 190222, 275386]
[31.86451092, 61.65985871]    [543161, 506085, 10979, 337965, 530705, 403003]
[3.23645263, 95.27407373]    [205683, 125088, 309553, 533586, 536340, 463609]
[2.467942123, 15.46786531]    [417351, 129508, 148453, 149466, 566339, 452232]
[3.578365235, 27.67087646]    [382108, 227306, 256441, 535204, 427738, 286489]
[12.04378823, 41.74690764]    [443220, 597597, 49830, 380995, 335475, 456913]
[9.440896073, 95.65616848]    [343477, 543434, 148289, 649786, 136353, 363019]
[48.65467743, 26.35296793]    [407269, 574072, 63252, 574079, 574100, 565207]
[19.280277, 14.56434752]    [61969, 61944, 61946, 61933, 61934, 61935]
[1.220685929, 15.87553094]    [374468, 528026, 3031, 164043, 71707, 176190]
[11.19556033, 0.192293282]    [292068, 502996, 145241, 331358, 125501, 46669]
[7.869822403, 87.22208581]    [573704, 320070, 300163, 158085, 584449, 423995]
[3.665414496, 26.10006298]    [377411, 340082, 150506, 486351, 283406, 355672]
[53.85669896, 33.07583552]    [665166, 414275, 572995, 478890, 236204, 361690]
[32.03820839, 71.12567396]    [64576, 64577, 480291, 64676, 633436, 64540]
[1.153297516, 86.57180654]    [280070, 171216, 497061, 576367, 328877, 180495]
[20.06715434, 28.33949815]    [183171, 183093, 183224, 578227, 183023, 403033]
[1.532460322, 55.89798004]    [259858, 353696, 470498, 259961, 488411, 259775]
[31.70809818, 32.0168949]    [548010, 28978, 281811, 483118, 128938, 128094]
[55.26008861, 94.14901036]    [556792, 78003, 367472, 569810, 77485, 378361]
[2.769596252, 63.88504744]    [179202, 537001, 179219, 179271, 179243, 440524]
[42.94415749, 49.58403584]    [190112, 572271, 158101, 230937, 228686, 371912]
[15.19858572, 52.07917813]    [404085, 490225, 436748, 391310, 371929, 80575]
[36.66209439, 91.3020184]    [371857, 167094, 353955, 425617, 146184, 293531]
[13.18574086, 88.1656662]    [552189, 423456, 442897, 149387, 281913, 491049]
[54.81803015, 64.21811022]    [373829, 373637, 373794, 373678, 441013, 373586]
[6.794583647, 9.424271018]    [53409, 393421, 346024, 346088, 346091, 346011]
[3.154588211, 6.327619911]    [37508, 368035, 196388, 63676, 430475, 196397]
[38.50421237, 18.49268303]    [142048, 576192, 312718, 336969, 4493, 182714]
[21.7750377, 83.50562123]    [283732, 283654, 283664, 572173, 193177, 678919]
[45.2699899, 67.89909414]    [354470, 354529, 406576, 354482, 354508, 307544]
[30.34942746, 64.89615493]    [172720, 446787, 570402, 446827, 386184, 446777]
[27.10479202, 92.24684344]    [581626, 481043, 51494, 400289, 555631, 384120]
[33.50241473, 30.48136644]    [103664, 103747, 345709, 103692, 677879, 103775]
[6.509358585, 76.39735814]    [422006, 361591, 577116, 576941, 674853, 492328]
[9.038729442, 56.070194]    [468852, 468769, 468941, 450811, 469049, 395017]
[2.458702192, 81.63702971]    [250914, 332148, 250962, 250935, 484475, 250893]
[9.323422216, 72.26717672]    [362327, 440325, 477663, 109309, 273896, 175055]
[17.14379706, 36.17882994]    [192386, 159603, 380406, 380338, 276956, 206429]
[14.9988965, 79.53550563]    [127463, 473183, 541889, 582418, 16908, 309801]
[34.52844504, 18.62836967]    [205062, 12278, 438669, 104893, 375369, 255439]
[1.008049485, 56.52771673]    [482226, 487024, 265471, 360969, 6031, 179293]
[22.67447797, 33.79863497]    [275559, 569856, 536528, 390991, 279368, 488457]
[47.22273939, 16.02662723]    [521254, 303671, 521172, 176379, 521245, 74987]
[15.29974739, 1.534498585]    [468965, 330273, 265714, 265695, 468745, 318587]
[26.89846023, 71.58486566]    [389655, 308550, 308355, 308323, 308415, 359722]
[21.98307391, 81.74028314]    [392452, 216064, 392513, 392428, 392319, 295034]
[22.72692982, 33.86934204]    [62677, 62648, 62665, 62729, 62650, 62589]
[76.34568133, 53.24395529]    [206919, 98269, 362916, 57389, 370046, 292473]
[33.48283902, 87.00299586]    [340930, 341074, 340882, 341183, 340952, 340874]
[51.67603126, 87.6814755]    [182643, 135350, 348994, 463343, 289629, 653767]
[34.59494925, 36.57296968]    [504837, 63746, 174113, 557637, 63357, 507865]
[33.26156365, 15.04209807]    [230961, 324945, 391312, 196296, 231001, 363263]
[23.90908865, 92.97424268]    [380503, 266007, 257556, 341709, 665126, 137134]